2021/11/09-09:54:27.468542 22a0 RocksDB version: 5.18.4
2021/11/09-09:54:27.468597 22a0 Git sha rocksdb_build_git_sha:@b9a4a10659969c71e6f6eab4e4bae8c36ede919f@
2021/11/09-09:54:27.468614 22a0 Compile date Mar 11 2020
2021/11/09-09:54:27.468624 22a0 DB SUMMARY
2021/11/09-09:54:27.468712 22a0 CURRENT file:  CURRENT
2021/11/09-09:54:27.468726 22a0 IDENTITY file:  IDENTITY
2021/11/09-09:54:27.468761 22a0 MANIFEST file:  MANIFEST-000019 size: 517 Bytes
2021/11/09-09:54:27.468773 22a0 SST files in D:\project\microservice\cxh-microservices\cxh-register\nacos\data\protocol\raft\naming_instance_metadata\log dir, Total Num: 8, files: 000006.sst 000008.sst 000010.sst 000012.sst 000014.sst 000016.sst 000018.sst 000020.sst 
2021/11/09-09:54:27.468783 22a0 Write Ahead Log file in D:\project\microservice\cxh-microservices\cxh-register\nacos\data\protocol\raft\naming_instance_metadata\log: 000021.log size: 933 ; 
2021/11/09-09:54:27.469112 22a0                         Options.error_if_exists: 0
2021/11/09-09:54:27.469122 22a0                       Options.create_if_missing: 1
2021/11/09-09:54:27.469125 22a0                         Options.paranoid_checks: 1
2021/11/09-09:54:27.469129 22a0                                     Options.env: 0000000000E9A910
2021/11/09-09:54:27.469133 22a0                                Options.info_log: 0000000026294310
2021/11/09-09:54:27.469136 22a0                Options.max_file_opening_threads: 16
2021/11/09-09:54:27.469140 22a0                              Options.statistics: 00000000262574B0
2021/11/09-09:54:27.469143 22a0                               Options.use_fsync: 0
2021/11/09-09:54:27.469147 22a0                       Options.max_log_file_size: 0
2021/11/09-09:54:27.469151 22a0                  Options.max_manifest_file_size: 1073741824
2021/11/09-09:54:27.469155 22a0                   Options.log_file_time_to_roll: 0
2021/11/09-09:54:27.469158 22a0                       Options.keep_log_file_num: 1000
2021/11/09-09:54:27.469163 22a0                    Options.recycle_log_file_num: 0
2021/11/09-09:54:27.469166 22a0                         Options.allow_fallocate: 1
2021/11/09-09:54:27.469170 22a0                        Options.allow_mmap_reads: 0
2021/11/09-09:54:27.469173 22a0                       Options.allow_mmap_writes: 0
2021/11/09-09:54:27.469177 22a0                        Options.use_direct_reads: 0
2021/11/09-09:54:27.469180 22a0                        Options.use_direct_io_for_flush_and_compaction: 0
2021/11/09-09:54:27.469183 22a0          Options.create_missing_column_families: 1
2021/11/09-09:54:27.469187 22a0                              Options.db_log_dir: 
2021/11/09-09:54:27.469190 22a0                                 Options.wal_dir: D:\project\microservice\cxh-microservices\cxh-register\nacos\data\protocol\raft\naming_instance_metadata\log
2021/11/09-09:54:27.469194 22a0                Options.table_cache_numshardbits: 6
2021/11/09-09:54:27.469197 22a0                      Options.max_subcompactions: 1
2021/11/09-09:54:27.469201 22a0                  Options.max_background_flushes: 1
2021/11/09-09:54:27.469204 22a0                         Options.WAL_ttl_seconds: 0
2021/11/09-09:54:27.469208 22a0                       Options.WAL_size_limit_MB: 0
2021/11/09-09:54:27.469211 22a0             Options.manifest_preallocation_size: 4194304
2021/11/09-09:54:27.469215 22a0                     Options.is_fd_close_on_exec: 1
2021/11/09-09:54:27.469218 22a0                   Options.advise_random_on_open: 1
2021/11/09-09:54:27.469222 22a0                    Options.db_write_buffer_size: 0
2021/11/09-09:54:27.469225 22a0                    Options.write_buffer_manager: 0000000026293A80
2021/11/09-09:54:27.469229 22a0         Options.access_hint_on_compaction_start: 1
2021/11/09-09:54:27.469232 22a0  Options.new_table_reader_for_compaction_inputs: 0
2021/11/09-09:54:27.469235 22a0           Options.random_access_max_buffer_size: 1048576
2021/11/09-09:54:27.469239 22a0                      Options.use_adaptive_mutex: 0
2021/11/09-09:54:27.469242 22a0                            Options.rate_limiter: 0000000000000000
2021/11/09-09:54:27.469282 22a0     Options.sst_file_manager.rate_bytes_per_sec: 0
2021/11/09-09:54:27.469289 22a0                       Options.wal_recovery_mode: 2
2021/11/09-09:54:27.469292 22a0                  Options.enable_thread_tracking: 0
2021/11/09-09:54:27.469296 22a0                  Options.enable_pipelined_write: 0
2021/11/09-09:54:27.469299 22a0         Options.allow_concurrent_memtable_write: 1
2021/11/09-09:54:27.469302 22a0      Options.enable_write_thread_adaptive_yield: 1
2021/11/09-09:54:27.469306 22a0             Options.write_thread_max_yield_usec: 100
2021/11/09-09:54:27.475420 22a0            Options.write_thread_slow_yield_usec: 3
2021/11/09-09:54:27.475434 22a0                               Options.row_cache: None
2021/11/09-09:54:27.475438 22a0                              Options.wal_filter: None
2021/11/09-09:54:27.475442 22a0             Options.avoid_flush_during_recovery: 0
2021/11/09-09:54:27.475446 22a0             Options.allow_ingest_behind: 0
2021/11/09-09:54:27.475449 22a0             Options.preserve_deletes: 0
2021/11/09-09:54:27.475453 22a0             Options.two_write_queues: 0
2021/11/09-09:54:27.475458 22a0             Options.manual_wal_flush: 0
2021/11/09-09:54:27.475462 22a0             Options.max_background_jobs: 2
2021/11/09-09:54:27.475465 22a0             Options.max_background_compactions: 4
2021/11/09-09:54:27.475468 22a0             Options.avoid_flush_during_shutdown: 0
2021/11/09-09:54:27.475472 22a0           Options.writable_file_max_buffer_size: 1048576
2021/11/09-09:54:27.475475 22a0             Options.delayed_write_rate : 16777216
2021/11/09-09:54:27.475479 22a0             Options.max_total_wal_size: 0
2021/11/09-09:54:27.475482 22a0             Options.delete_obsolete_files_period_micros: 21600000000
2021/11/09-09:54:27.475486 22a0                   Options.stats_dump_period_sec: 600
2021/11/09-09:54:27.475489 22a0                          Options.max_open_files: -1
2021/11/09-09:54:27.475493 22a0                          Options.bytes_per_sync: 0
2021/11/09-09:54:27.475496 22a0                      Options.wal_bytes_per_sync: 0
2021/11/09-09:54:27.475500 22a0       Options.compaction_readahead_size: 0
2021/11/09-09:54:27.475503 22a0 Compression algorithms supported:
2021/11/09-09:54:27.475508 22a0 	kZSTD supported: 1
2021/11/09-09:54:27.475511 22a0 	kSnappyCompression supported: 1
2021/11/09-09:54:27.475515 22a0 	kBZip2Compression supported: 0
2021/11/09-09:54:27.475518 22a0 	kZlibCompression supported: 1
2021/11/09-09:54:27.475522 22a0 	kLZ4Compression supported: 1
2021/11/09-09:54:27.475525 22a0 	kXpressCompression supported: 0
2021/11/09-09:54:27.475528 22a0 	kLZ4HCCompression supported: 1
2021/11/09-09:54:27.475532 22a0 	kZSTDNotFinalCompression supported: 1
2021/11/09-09:54:27.475539 22a0 Fast CRC32 supported: Supported on x86
2021/11/09-09:54:27.496044 22a0 [db\version_set.cc:3508] Recovering from manifest file: MANIFEST-000019
2021/11/09-09:54:27.519779 22a0 [db\column_family.cc:474] --------------- Options for column family [default]:
2021/11/09-09:54:27.519801 22a0               Options.comparator: leveldb.BytewiseComparator
2021/11/09-09:54:27.519805 22a0           Options.merge_operator: StringAppendOperator
2021/11/09-09:54:27.519809 22a0        Options.compaction_filter: None
2021/11/09-09:54:27.519812 22a0        Options.compaction_filter_factory: None
2021/11/09-09:54:27.519816 22a0         Options.memtable_factory: SkipListFactory
2021/11/09-09:54:27.519820 22a0            Options.table_factory: BlockBasedTable
2021/11/09-09:54:27.519864 22a0            table_factory options:   flush_block_policy_factory: FlushBlockBySizePolicyFactory (00000000262785B0)
  cache_index_and_filter_blocks: 0
  cache_index_and_filter_blocks_with_high_priority: 1
  pin_l0_filter_and_index_blocks_in_cache: 1
  pin_top_level_index_and_filter: 1
  index_type: 2
  hash_index_allow_collision: 1
  checksum: 1
  no_block_cache: 0
  block_cache: 0000000026270430
  block_cache_name: LRUCache
  block_cache_options:
    capacity : 536870912
    num_shard_bits : 8
    strict_capacity_limit : 0
    memory_allocator : None
    high_pri_pool_ratio: 0.000
  block_cache_compressed: 0000000000000000
  persistent_cache: 0000000000000000
  block_size: 4096
  block_size_deviation: 10
  block_restart_interval: 16
  index_block_restart_interval: 1
  metadata_block_size: 8192
  partition_filters: 1
  use_delta_encoding: 1
  filter_policy: nullptr
  whole_key_filtering: 1
  verify_compression: 0
  read_amp_bytes_per_bit: 0
  format_version: 0
  enable_index_compression: 1
  block_align: 0
2021/11/09-09:54:27.519932 22a0        Options.write_buffer_size: 67108864
2021/11/09-09:54:27.519939 22a0  Options.max_write_buffer_number: 3
2021/11/09-09:54:27.519943 22a0          Options.compression: Snappy
2021/11/09-09:54:27.519948 22a0                  Options.bottommost_compression: Disabled
2021/11/09-09:54:27.519952 22a0       Options.prefix_extractor: rocksdb.FixedPrefix.8
2021/11/09-09:54:27.519955 22a0   Options.memtable_insert_with_hint_prefix_extractor: nullptr
2021/11/09-09:54:27.519959 22a0             Options.num_levels: 7
2021/11/09-09:54:27.519962 22a0        Options.min_write_buffer_number_to_merge: 1
2021/11/09-09:54:27.519965 22a0     Options.max_write_buffer_number_to_maintain: 0
2021/11/09-09:54:27.519969 22a0            Options.bottommost_compression_opts.window_bits: -14
2021/11/09-09:54:27.519972 22a0                  Options.bottommost_compression_opts.level: 32767
2021/11/09-09:54:27.519976 22a0               Options.bottommost_compression_opts.strategy: 0
2021/11/09-09:54:27.519979 22a0         Options.bottommost_compression_opts.max_dict_bytes: 0
2021/11/09-09:54:27.519983 22a0         Options.bottommost_compression_opts.zstd_max_train_bytes: 0
2021/11/09-09:54:27.519986 22a0                  Options.bottommost_compression_opts.enabled: false
2021/11/09-09:54:27.519989 22a0            Options.compression_opts.window_bits: -14
2021/11/09-09:54:27.519993 22a0                  Options.compression_opts.level: 32767
2021/11/09-09:54:27.519996 22a0               Options.compression_opts.strategy: 0
2021/11/09-09:54:27.520000 22a0         Options.compression_opts.max_dict_bytes: 0
2021/11/09-09:54:27.520003 22a0         Options.compression_opts.zstd_max_train_bytes: 0
2021/11/09-09:54:27.520006 22a0                  Options.compression_opts.enabled: false
2021/11/09-09:54:27.520010 22a0      Options.level0_file_num_compaction_trigger: 10
2021/11/09-09:54:27.520013 22a0          Options.level0_slowdown_writes_trigger: 20
2021/11/09-09:54:27.520017 22a0              Options.level0_stop_writes_trigger: 40
2021/11/09-09:54:27.520020 22a0                   Options.target_file_size_base: 67108864
2021/11/09-09:54:27.520023 22a0             Options.target_file_size_multiplier: 1
2021/11/09-09:54:27.520027 22a0                Options.max_bytes_for_level_base: 536870912
2021/11/09-09:54:27.520030 22a0 Options.level_compaction_dynamic_level_bytes: 0
2021/11/09-09:54:27.520034 22a0          Options.max_bytes_for_level_multiplier: 10.000000
2021/11/09-09:54:27.520040 22a0 Options.max_bytes_for_level_multiplier_addtl[0]: 1
2021/11/09-09:54:27.520044 22a0 Options.max_bytes_for_level_multiplier_addtl[1]: 1
2021/11/09-09:54:27.520047 22a0 Options.max_bytes_for_level_multiplier_addtl[2]: 1
2021/11/09-09:54:27.520051 22a0 Options.max_bytes_for_level_multiplier_addtl[3]: 1
2021/11/09-09:54:27.520054 22a0 Options.max_bytes_for_level_multiplier_addtl[4]: 1
2021/11/09-09:54:27.520058 22a0 Options.max_bytes_for_level_multiplier_addtl[5]: 1
2021/11/09-09:54:27.520061 22a0 Options.max_bytes_for_level_multiplier_addtl[6]: 1
2021/11/09-09:54:27.520065 22a0       Options.max_sequential_skip_in_iterations: 8
2021/11/09-09:54:27.520068 22a0                    Options.max_compaction_bytes: 1677721600
2021/11/09-09:54:27.520072 22a0                        Options.arena_block_size: 8388608
2021/11/09-09:54:27.520075 22a0   Options.soft_pending_compaction_bytes_limit: 68719476736
2021/11/09-09:54:27.520079 22a0   Options.hard_pending_compaction_bytes_limit: 274877906944
2021/11/09-09:54:27.520082 22a0       Options.rate_limit_delay_max_milliseconds: 100
2021/11/09-09:54:27.520088 22a0                Options.disable_auto_compactions: 0
2021/11/09-09:54:27.520093 22a0                        Options.compaction_style: kCompactionStyleLevel
2021/11/09-09:54:27.520097 22a0                          Options.compaction_pri: kByCompensatedSize
2021/11/09-09:54:27.520100 22a0 Options.compaction_options_universal.size_ratio: 1
2021/11/09-09:54:27.520104 22a0 Options.compaction_options_universal.min_merge_width: 2
2021/11/09-09:54:27.520107 22a0 Options.compaction_options_universal.max_merge_width: 4294967295
2021/11/09-09:54:27.520111 22a0 Options.compaction_options_universal.max_size_amplification_percent: 200
2021/11/09-09:54:27.520114 22a0 Options.compaction_options_universal.compression_size_percent: -1
2021/11/09-09:54:27.520118 22a0 Options.compaction_options_universal.stop_style: kCompactionStopStyleTotalSize
2021/11/09-09:54:27.520122 22a0 Options.compaction_options_fifo.max_table_files_size: 1073741824
2021/11/09-09:54:27.520125 22a0 Options.compaction_options_fifo.allow_compaction: 0
2021/11/09-09:54:27.520129 22a0 Options.compaction_options_fifo.ttl: 0
2021/11/09-09:54:27.520132 22a0                   Options.table_properties_collectors: 
2021/11/09-09:54:27.520136 22a0                   Options.inplace_update_support: 0
2021/11/09-09:54:27.520139 22a0                 Options.inplace_update_num_locks: 10000
2021/11/09-09:54:27.520143 22a0               Options.memtable_prefix_bloom_size_ratio: 0.125000
2021/11/09-09:54:27.520147 22a0   Options.memtable_huge_page_size: 0
2021/11/09-09:54:27.520151 22a0                           Options.bloom_locality: 0
2021/11/09-09:54:27.520155 22a0                    Options.max_successive_merges: 0
2021/11/09-09:54:27.520158 22a0                Options.optimize_filters_for_hits: 0
2021/11/09-09:54:27.520162 22a0                Options.paranoid_file_checks: 0
2021/11/09-09:54:27.520165 22a0                Options.force_consistency_checks: 1
2021/11/09-09:54:27.520168 22a0                Options.report_bg_io_stats: 0
2021/11/09-09:54:27.520172 22a0                               Options.ttl: 0
2021/11/09-09:54:27.522246 22a0 [db\column_family.cc:474] --------------- Options for column family [Configuration]:
2021/11/09-09:54:27.522266 22a0               Options.comparator: leveldb.BytewiseComparator
2021/11/09-09:54:27.522271 22a0           Options.merge_operator: StringAppendOperator
2021/11/09-09:54:27.522274 22a0        Options.compaction_filter: None
2021/11/09-09:54:27.522278 22a0        Options.compaction_filter_factory: None
2021/11/09-09:54:27.522281 22a0         Options.memtable_factory: SkipListFactory
2021/11/09-09:54:27.522285 22a0            Options.table_factory: BlockBasedTable
2021/11/09-09:54:27.522326 22a0            table_factory options:   flush_block_policy_factory: FlushBlockBySizePolicyFactory (00000000262785B0)
  cache_index_and_filter_blocks: 0
  cache_index_and_filter_blocks_with_high_priority: 1
  pin_l0_filter_and_index_blocks_in_cache: 1
  pin_top_level_index_and_filter: 1
  index_type: 2
  hash_index_allow_collision: 1
  checksum: 1
  no_block_cache: 0
  block_cache: 0000000026270430
  block_cache_name: LRUCache
  block_cache_options:
    capacity : 536870912
    num_shard_bits : 8
    strict_capacity_limit : 0
    memory_allocator : None
    high_pri_pool_ratio: 0.000
  block_cache_compressed: 0000000000000000
  persistent_cache: 0000000000000000
  block_size: 4096
  block_size_deviation: 10
  block_restart_interval: 16
  index_block_restart_interval: 1
  metadata_block_size: 8192
  partition_filters: 1
  use_delta_encoding: 1
  filter_policy: nullptr
  whole_key_filtering: 1
  verify_compression: 0
  read_amp_bytes_per_bit: 0
  format_version: 0
  enable_index_compression: 1
  block_align: 0
2021/11/09-09:54:27.522333 22a0        Options.write_buffer_size: 67108864
2021/11/09-09:54:27.522338 22a0  Options.max_write_buffer_number: 3
2021/11/09-09:54:27.522342 22a0          Options.compression: Snappy
2021/11/09-09:54:27.522345 22a0                  Options.bottommost_compression: Disabled
2021/11/09-09:54:27.522406 22a0       Options.prefix_extractor: rocksdb.FixedPrefix.8
2021/11/09-09:54:27.522411 22a0   Options.memtable_insert_with_hint_prefix_extractor: nullptr
2021/11/09-09:54:27.522415 22a0             Options.num_levels: 7
2021/11/09-09:54:27.522418 22a0        Options.min_write_buffer_number_to_merge: 1
2021/11/09-09:54:27.522422 22a0     Options.max_write_buffer_number_to_maintain: 0
2021/11/09-09:54:27.522425 22a0            Options.bottommost_compression_opts.window_bits: -14
2021/11/09-09:54:27.522431 22a0                  Options.bottommost_compression_opts.level: 32767
2021/11/09-09:54:27.522435 22a0               Options.bottommost_compression_opts.strategy: 0
2021/11/09-09:54:27.522438 22a0         Options.bottommost_compression_opts.max_dict_bytes: 0
2021/11/09-09:54:27.522442 22a0         Options.bottommost_compression_opts.zstd_max_train_bytes: 0
2021/11/09-09:54:27.522445 22a0                  Options.bottommost_compression_opts.enabled: false
2021/11/09-09:54:27.522449 22a0            Options.compression_opts.window_bits: -14
2021/11/09-09:54:27.522452 22a0                  Options.compression_opts.level: 32767
2021/11/09-09:54:27.522456 22a0               Options.compression_opts.strategy: 0
2021/11/09-09:54:27.522459 22a0         Options.compression_opts.max_dict_bytes: 0
2021/11/09-09:54:27.522463 22a0         Options.compression_opts.zstd_max_train_bytes: 0
2021/11/09-09:54:27.522466 22a0                  Options.compression_opts.enabled: false
2021/11/09-09:54:27.522470 22a0      Options.level0_file_num_compaction_trigger: 10
2021/11/09-09:54:27.522473 22a0          Options.level0_slowdown_writes_trigger: 20
2021/11/09-09:54:27.522477 22a0              Options.level0_stop_writes_trigger: 40
2021/11/09-09:54:27.522480 22a0                   Options.target_file_size_base: 67108864
2021/11/09-09:54:27.522484 22a0             Options.target_file_size_multiplier: 1
2021/11/09-09:54:27.522487 22a0                Options.max_bytes_for_level_base: 536870912
2021/11/09-09:54:27.522491 22a0 Options.level_compaction_dynamic_level_bytes: 0
2021/11/09-09:54:27.522494 22a0          Options.max_bytes_for_level_multiplier: 10.000000
2021/11/09-09:54:27.522500 22a0 Options.max_bytes_for_level_multiplier_addtl[0]: 1
2021/11/09-09:54:27.522504 22a0 Options.max_bytes_for_level_multiplier_addtl[1]: 1
2021/11/09-09:54:27.522507 22a0 Options.max_bytes_for_level_multiplier_addtl[2]: 1
2021/11/09-09:54:27.522511 22a0 Options.max_bytes_for_level_multiplier_addtl[3]: 1
2021/11/09-09:54:27.522515 22a0 Options.max_bytes_for_level_multiplier_addtl[4]: 1
2021/11/09-09:54:27.522518 22a0 Options.max_bytes_for_level_multiplier_addtl[5]: 1
2021/11/09-09:54:27.522522 22a0 Options.max_bytes_for_level_multiplier_addtl[6]: 1
2021/11/09-09:54:27.522525 22a0       Options.max_sequential_skip_in_iterations: 8
2021/11/09-09:54:27.522529 22a0                    Options.max_compaction_bytes: 1677721600
2021/11/09-09:54:27.522532 22a0                        Options.arena_block_size: 8388608
2021/11/09-09:54:27.522536 22a0   Options.soft_pending_compaction_bytes_limit: 68719476736
2021/11/09-09:54:27.522540 22a0   Options.hard_pending_compaction_bytes_limit: 274877906944
2021/11/09-09:54:27.522543 22a0       Options.rate_limit_delay_max_milliseconds: 100
2021/11/09-09:54:27.522547 22a0                Options.disable_auto_compactions: 0
2021/11/09-09:54:27.522551 22a0                        Options.compaction_style: kCompactionStyleLevel
2021/11/09-09:54:27.522556 22a0                          Options.compaction_pri: kByCompensatedSize
2021/11/09-09:54:27.522559 22a0 Options.compaction_options_universal.size_ratio: 1
2021/11/09-09:54:27.522562 22a0 Options.compaction_options_universal.min_merge_width: 2
2021/11/09-09:54:27.522566 22a0 Options.compaction_options_universal.max_merge_width: 4294967295
2021/11/09-09:54:27.522570 22a0 Options.compaction_options_universal.max_size_amplification_percent: 200
2021/11/09-09:54:27.522573 22a0 Options.compaction_options_universal.compression_size_percent: -1
2021/11/09-09:54:27.522579 22a0 Options.compaction_options_universal.stop_style: kCompactionStopStyleTotalSize
2021/11/09-09:54:27.522583 22a0 Options.compaction_options_fifo.max_table_files_size: 1073741824
2021/11/09-09:54:27.522587 22a0 Options.compaction_options_fifo.allow_compaction: 0
2021/11/09-09:54:27.522591 22a0 Options.compaction_options_fifo.ttl: 0
2021/11/09-09:54:27.522594 22a0                   Options.table_properties_collectors: 
2021/11/09-09:54:27.522598 22a0                   Options.inplace_update_support: 0
2021/11/09-09:54:27.522601 22a0                 Options.inplace_update_num_locks: 10000
2021/11/09-09:54:27.522604 22a0               Options.memtable_prefix_bloom_size_ratio: 0.125000
2021/11/09-09:54:27.522609 22a0   Options.memtable_huge_page_size: 0
2021/11/09-09:54:27.522613 22a0                           Options.bloom_locality: 0
2021/11/09-09:54:27.522616 22a0                    Options.max_successive_merges: 0
2021/11/09-09:54:27.522620 22a0                Options.optimize_filters_for_hits: 0
2021/11/09-09:54:27.522623 22a0                Options.paranoid_file_checks: 0
2021/11/09-09:54:27.522627 22a0                Options.force_consistency_checks: 1
2021/11/09-09:54:27.522630 22a0                Options.report_bg_io_stats: 0
2021/11/09-09:54:27.522634 22a0                               Options.ttl: 0
2021/11/09-09:54:27.634127 22a0 [db\version_set.cc:3724] Recovered from manifest file:D:\project\microservice\cxh-microservices\cxh-register\nacos\data\protocol\raft\naming_instance_metadata\log/MANIFEST-000019 succeeded,manifest_file_number is 19, next_file_number is 22, last_sequence is 150, log_number is 0,prev_log_number is 0,max_column_family is 1,min_log_number_to_keep is 0
2021/11/09-09:54:27.634147 22a0 [db\version_set.cc:3732] Column family [default] (ID 0), log number is 18
2021/11/09-09:54:27.634151 22a0 [db\version_set.cc:3732] Column family [Configuration] (ID 1), log number is 18
2021/11/09-09:54:27.634392 22a0 EVENT_LOG_v1 {"time_micros": 1636422867634382, "job": 1, "event": "recovery_started", "log_files": [21]}
2021/11/09-09:54:27.634402 22a0 [db\db_impl_open.cc:578] Recovering log #21 mode 2
2021/11/09-09:54:27.674290 22a0 EVENT_LOG_v1 {"time_micros": 1636422867674270, "cf_name": "default", "job": 1, "event": "table_file_creation", "file_number": 22, "file_size": 747, "table_properties": {"data_size": 0, "index_size": 13, "filter_size": 0, "raw_key_size": 32, "raw_average_key_size": 0, "raw_value_size": 16, "raw_average_value_size": 0, "num_data_blocks": 0, "num_entries": 0, "filter_policy_name": ""}}
2021/11/09-09:54:27.676838 22a0 [db\version_set.cc:3037] Creating manifest 23
2021/11/09-09:54:27.743609 22a0 EVENT_LOG_v1 {"time_micros": 1636422867743586, "cf_name": "Configuration", "job": 1, "event": "table_file_creation", "file_number": 24, "file_size": 877, "table_properties": {"data_size": 44, "index_size": 49, "filter_size": 0, "raw_key_size": 58, "raw_average_key_size": 58, "raw_value_size": 24, "raw_average_value_size": 24, "num_data_blocks": 1, "num_entries": 1, "filter_policy_name": ""}}
2021/11/09-09:54:27.768831 22a0 EVENT_LOG_v1 {"time_micros": 1636422867768819, "job": 1, "event": "recovery_finished"}
2021/11/09-09:54:27.834434 22a0 [db\db_impl_open.cc:1314] DB pointer 0000000027C848F0
2021/11/09-09:54:27.848777 2388 [WARN] [db\db_impl.cc:669] ------- DUMPING STATS -------
2021/11/09-09:54:27.848798 2388 [WARN] [db\db_impl.cc:670] 
** DB Stats **
Uptime(secs): 0.3 total, 0.3 interval
Cumulative writes: 0 writes, 0 keys, 0 commit groups, 0.0 writes per commit group, ingest: 0.00 GB, 0.00 MB/s
Cumulative WAL: 0 writes, 0 syncs, 0.00 writes per sync, written: 0.00 GB, 0.00 MB/s
Cumulative stall: 00:00:0.000 H:M:S, 0.0 percent
Interval writes: 0 writes, 0 keys, 0 commit groups, 0.0 writes per commit group, ingest: 0.00 MB, 0.00 MB/s
Interval WAL: 0 writes, 0 syncs, 0.00 writes per sync, written: 0.00 MB, 0.00 MB/s
Interval stall: 00:00:0.000 H:M:S, 0.0 percent

** Compaction Stats [default] **
Level    Files   Size     Score Read(GB)  Rn(GB) Rnp1(GB) Write(GB) Wnew(GB) Moved(GB) W-Amp Rd(MB/s) Wr(MB/s) Comp(sec) Comp(cnt) Avg(sec) KeyIn KeyDrop
----------------------------------------------------------------------------------------------------------------------------------------------------------
  L0      5/0    3.62 KB   0.5      0.0     0.0      0.0       0.0      0.0       0.0   1.0      0.0      0.0         0         1    0.037       0      0
 Sum      5/0    3.62 KB   0.0      0.0     0.0      0.0       0.0      0.0       0.0   1.0      0.0      0.0         0         1    0.037       0      0
 Int      0/0    0.00 KB   0.0      0.0     0.0      0.0       0.0      0.0       0.0   1.0      0.0      0.0         0         1    0.037       0      0
Uptime(secs): 0.3 total, 0.3 interval
Flush(GB): cumulative 0.000, interval 0.000
AddFile(GB): cumulative 0.000, interval 0.000
AddFile(Total Files): cumulative 0, interval 0
AddFile(L0 Files): cumulative 0, interval 0
AddFile(Keys): cumulative 0, interval 0
Cumulative compaction: 0.00 GB write, 0.00 MB/s write, 0.00 GB read, 0.00 MB/s read, 0.0 seconds
Interval compaction: 0.00 GB write, 0.00 MB/s write, 0.00 GB read, 0.00 MB/s read, 0.0 seconds
Stalls(count): 0 level0_slowdown, 0 level0_slowdown_with_compaction, 0 level0_numfiles, 0 level0_numfiles_with_compaction, 0 stop for pending_compaction_bytes, 0 slowdown for pending_compaction_bytes, 0 memtable_compaction, 0 memtable_slowdown, interval 0 total count

** File Read Latency Histogram By Level [default] **
** Level 0 read latency histogram (micros):
Count: 25 Average: 9.1200  StdDev: 12.72
Min: 2  Median: 2.7500  Max: 39
Percentiles: P50: 2.75 P75: 3.94 P99: 39.00 P99.9: 39.00 P99.99: 39.00
------------------------------------------------------
(       1,       2 ]        5  20.000%  20.000% ####
(       2,       3 ]       10  40.000%  60.000% ########
(       3,       4 ]        4  16.000%  76.000% ###
(       4,       6 ]        1   4.000%  80.000% #
(      15,      22 ]        1   4.000%  84.000% #
(      34,      51 ]        4  16.000% 100.000% ###


** Compaction Stats [Configuration] **
Level    Files   Size     Score Read(GB)  Rn(GB) Rnp1(GB) Write(GB) Wnew(GB) Moved(GB) W-Amp Rd(MB/s) Wr(MB/s) Comp(sec) Comp(cnt) Avg(sec) KeyIn KeyDrop
----------------------------------------------------------------------------------------------------------------------------------------------------------
  L0      5/0    4.25 KB   0.5      0.0     0.0      0.0       0.0      0.0       0.0   1.0      0.0      0.1         0         1    0.016       0      0
 Sum      5/0    4.25 KB   0.0      0.0     0.0      0.0       0.0      0.0       0.0   1.0      0.0      0.1         0         1    0.016       0      0
 Int      0/0    0.00 KB   0.0      0.0     0.0      0.0       0.0      0.0       0.0   1.0      0.0      0.1         0         1    0.016       0      0
Uptime(secs): 0.3 total, 0.3 interval
Flush(GB): cumulative 0.000, interval 0.000
AddFile(GB): cumulative 0.000, interval 0.000
AddFile(Total Files): cumulative 0, interval 0
AddFile(L0 Files): cumulative 0, interval 0
AddFile(Keys): cumulative 0, interval 0
Cumulative compaction: 0.00 GB write, 0.00 MB/s write, 0.00 GB read, 0.00 MB/s read, 0.0 seconds
Interval compaction: 0.00 GB write, 0.00 MB/s write, 0.00 GB read, 0.00 MB/s read, 0.0 seconds
Stalls(count): 0 level0_slowdown, 0 level0_slowdown_with_compaction, 0 level0_numfiles, 0 level0_numfiles_with_compaction, 0 stop for pending_compaction_bytes, 0 slowdown for pending_compaction_bytes, 0 memtable_compaction, 0 memtable_slowdown, interval 0 total count

** File Read Latency Histogram By Level [Configuration] **
** Level 0 read latency histogram (micros):
Count: 35 Average: 7.6857  StdDev: 10.28
Min: 2  Median: 3.0625  Max: 37
Percentiles: P50: 3.06 P75: 4.83 P99: 37.00 P99.9: 37.00 P99.99: 37.00
------------------------------------------------------
(       1,       2 ]        7  20.000%  20.000% ####
(       2,       3 ]       10  28.571%  48.571% ######
(       3,       4 ]        8  22.857%  71.429% #####
(       4,       6 ]        3   8.571%  80.000% ##
(       6,      10 ]        1   2.857%  82.857% #
(      10,      15 ]        1   2.857%  85.714% #
(      15,      22 ]        1   2.857%  88.571% #
(      22,      34 ]        1   2.857%  91.429% #
(      34,      51 ]        3   8.571% 100.000% ##


** Compaction Stats [default] **
Level    Files   Size     Score Read(GB)  Rn(GB) Rnp1(GB) Write(GB) Wnew(GB) Moved(GB) W-Amp Rd(MB/s) Wr(MB/s) Comp(sec) Comp(cnt) Avg(sec) KeyIn KeyDrop
----------------------------------------------------------------------------------------------------------------------------------------------------------
  L0      5/0    3.62 KB   0.5      0.0     0.0      0.0       0.0      0.0       0.0   1.0      0.0      0.0         0         1    0.037       0      0
 Sum      5/0    3.62 KB   0.0      0.0     0.0      0.0       0.0      0.0       0.0   1.0      0.0      0.0         0         1    0.037       0      0
 Int      0/0    0.00 KB   0.0      0.0     0.0      0.0       0.0      0.0       0.0   0.0      0.0      0.0         0         0    0.000       0      0
Uptime(secs): 0.3 total, 0.0 interval
Flush(GB): cumulative 0.000, interval 0.000
AddFile(GB): cumulative 0.000, interval 0.000
AddFile(Total Files): cumulative 0, interval 0
AddFile(L0 Files): cumulative 0, interval 0
AddFile(Keys): cumulative 0, interval 0
Cumulative compaction: 0.00 GB write, 0.00 MB/s write, 0.00 GB read, 0.00 MB/s read, 0.0 seconds
Interval compaction: 0.00 GB write, 0.00 MB/s write, 0.00 GB read, 0.00 MB/s read, 0.0 seconds
Stalls(count): 0 level0_slowdown, 0 level0_slowdown_with_compaction, 0 level0_numfiles, 0 level0_numfiles_with_compaction, 0 stop for pending_compaction_bytes, 0 slowdown for pending_compaction_bytes, 0 memtable_compaction, 0 memtable_slowdown, interval 0 total count

** File Read Latency Histogram By Level [default] **
** Level 0 read latency histogram (micros):
Count: 25 Average: 9.1200  StdDev: 12.72
Min: 2  Median: 2.7500  Max: 39
Percentiles: P50: 2.75 P75: 3.94 P99: 39.00 P99.9: 39.00 P99.99: 39.00
------------------------------------------------------
(       1,       2 ]        5  20.000%  20.000% ####
(       2,       3 ]       10  40.000%  60.000% ########
(       3,       4 ]        4  16.000%  76.000% ###
(       4,       6 ]        1   4.000%  80.000% #
(      15,      22 ]        1   4.000%  84.000% #
(      34,      51 ]        4  16.000% 100.000% ###


** Compaction Stats [Configuration] **
Level    Files   Size     Score Read(GB)  Rn(GB) Rnp1(GB) Write(GB) Wnew(GB) Moved(GB) W-Amp Rd(MB/s) Wr(MB/s) Comp(sec) Comp(cnt) Avg(sec) KeyIn KeyDrop
----------------------------------------------------------------------------------------------------------------------------------------------------------
  L0      5/0    4.25 KB   0.5      0.0     0.0      0.0       0.0      0.0       0.0   1.0      0.0      0.1         0         1    0.016       0      0
 Sum      5/0    4.25 KB   0.0      0.0     0.0      0.0       0.0      0.0       0.0   1.0      0.0      0.1         0         1    0.016       0      0
 Int      0/0    0.00 KB   0.0      0.0     0.0      0.0       0.0      0.0       0.0   0.0      0.0      0.0         0         0    0.000       0      0
Uptime(secs): 0.3 total, 0.0 interval
Flush(GB): cumulative 0.000, interval 0.000
AddFile(GB): cumulative 0.000, interval 0.000
AddFile(Total Files): cumulative 0, interval 0
AddFile(L0 Files): cumulative 0, interval 0
AddFile(Keys): cumulative 0, interval 0
Cumulative compaction: 0.00 GB write, 0.00 MB/s write, 0.00 GB read, 0.00 MB/s read, 0.0 seconds
Interval compaction: 0.00 GB write, 0.00 MB/s write, 0.00 GB read, 0.00 MB/s read, 0.0 seconds
Stalls(count): 0 level0_slowdown, 0 level0_slowdown_with_compaction, 0 level0_numfiles, 0 level0_numfiles_with_compaction, 0 stop for pending_compaction_bytes, 0 slowdown for pending_compaction_bytes, 0 memtable_compaction, 0 memtable_slowdown, interval 0 total count

** File Read Latency Histogram By Level [Configuration] **
** Level 0 read latency histogram (micros):
Count: 35 Average: 7.6857  StdDev: 10.28
Min: 2  Median: 3.0625  Max: 37
Percentiles: P50: 3.06 P75: 4.83 P99: 37.00 P99.9: 37.00 P99.99: 37.00
------------------------------------------------------
(       1,       2 ]        7  20.000%  20.000% ####
(       2,       3 ]       10  28.571%  48.571% ######
(       3,       4 ]        8  22.857%  71.429% #####
(       4,       6 ]        3   8.571%  80.000% ##
(       6,      10 ]        1   2.857%  82.857% #
(      10,      15 ]        1   2.857%  85.714% #
(      15,      22 ]        1   2.857%  88.571% #
(      22,      34 ]        1   2.857%  91.429% #
(      34,      51 ]        3   8.571% 100.000% ##

2021/11/09-09:54:27.849215 2388 [WARN] [db\db_impl.cc:617] STATISTICS:
 rocksdb.block.cache.miss COUNT : 20
rocksdb.block.cache.hit COUNT : 5
rocksdb.block.cache.add COUNT : 20
rocksdb.block.cache.add.failures COUNT : 0
rocksdb.block.cache.index.miss COUNT : 5
rocksdb.block.cache.index.hit COUNT : 5
rocksdb.block.cache.index.add COUNT : 5
rocksdb.block.cache.index.bytes.insert COUNT : 510
rocksdb.block.cache.index.bytes.evict COUNT : 0
rocksdb.block.cache.filter.miss COUNT : 0
rocksdb.block.cache.filter.hit COUNT : 0
rocksdb.block.cache.filter.add COUNT : 0
rocksdb.block.cache.filter.bytes.insert COUNT : 0
rocksdb.block.cache.filter.bytes.evict COUNT : 0
rocksdb.block.cache.data.miss COUNT : 15
rocksdb.block.cache.data.hit COUNT : 0
rocksdb.block.cache.data.add COUNT : 15
rocksdb.block.cache.data.bytes.insert COUNT : 2023
rocksdb.block.cache.bytes.read COUNT : 510
rocksdb.block.cache.bytes.write COUNT : 2533
rocksdb.bloom.filter.useful COUNT : 0
rocksdb.bloom.filter.full.positive COUNT : 0
rocksdb.bloom.filter.full.true.positive COUNT : 0
rocksdb.persistent.cache.hit COUNT : 0
rocksdb.persistent.cache.miss COUNT : 0
rocksdb.sim.block.cache.hit COUNT : 0
rocksdb.sim.block.cache.miss COUNT : 0
rocksdb.memtable.hit COUNT : 0
rocksdb.memtable.miss COUNT : 0
rocksdb.l0.hit COUNT : 0
rocksdb.l1.hit COUNT : 0
rocksdb.l2andup.hit COUNT : 0
rocksdb.compaction.key.drop.new COUNT : 0
rocksdb.compaction.key.drop.obsolete COUNT : 0
rocksdb.compaction.key.drop.range_del COUNT : 0
rocksdb.compaction.key.drop.user COUNT : 0
rocksdb.compaction.range_del.drop.obsolete COUNT : 0
rocksdb.compaction.optimized.del.drop.obsolete COUNT : 0
rocksdb.compaction.cancelled COUNT : 0
rocksdb.number.keys.written COUNT : 0
rocksdb.number.keys.read COUNT : 0
rocksdb.number.keys.updated COUNT : 0
rocksdb.bytes.written COUNT : 0
rocksdb.bytes.read COUNT : 0
rocksdb.number.db.seek COUNT : 2
rocksdb.number.db.next COUNT : 1
rocksdb.number.db.prev COUNT : 0
rocksdb.number.db.seek.found COUNT : 1
rocksdb.number.db.next.found COUNT : 0
rocksdb.number.db.prev.found COUNT : 0
rocksdb.db.iter.bytes.read COUNT : 26
rocksdb.no.file.closes COUNT : 0
rocksdb.no.file.opens COUNT : 10
rocksdb.no.file.errors COUNT : 0
rocksdb.l0.slowdown.micros COUNT : 0
rocksdb.memtable.compaction.micros COUNT : 0
rocksdb.l0.num.files.stall.micros COUNT : 0
rocksdb.stall.micros COUNT : 0
rocksdb.db.mutex.wait.micros COUNT : 0
rocksdb.rate.limit.delay.millis COUNT : 0
rocksdb.num.iterators COUNT : 0
rocksdb.number.multiget.get COUNT : 0
rocksdb.number.multiget.keys.read COUNT : 0
rocksdb.number.multiget.bytes.read COUNT : 0
rocksdb.number.deletes.filtered COUNT : 0
rocksdb.number.merge.failures COUNT : 0
rocksdb.bloom.filter.prefix.checked COUNT : 0
rocksdb.bloom.filter.prefix.useful COUNT : 0
rocksdb.number.reseeks.iteration COUNT : 0
rocksdb.getupdatessince.calls COUNT : 0
rocksdb.block.cachecompressed.miss COUNT : 0
rocksdb.block.cachecompressed.hit COUNT : 0
rocksdb.block.cachecompressed.add COUNT : 0
rocksdb.block.cachecompressed.add.failures COUNT : 0
rocksdb.wal.synced COUNT : 0
rocksdb.wal.bytes COUNT : 0
rocksdb.write.self COUNT : 0
rocksdb.write.other COUNT : 0
rocksdb.write.timeout COUNT : 0
rocksdb.write.wal COUNT : 0
rocksdb.compact.read.bytes COUNT : 0
rocksdb.compact.write.bytes COUNT : 1624
rocksdb.flush.write.bytes COUNT : 0
rocksdb.number.direct.load.table.properties COUNT : 0
rocksdb.number.superversion_acquires COUNT : 2
rocksdb.number.superversion_releases COUNT : 0
rocksdb.number.superversion_cleanups COUNT : 0
rocksdb.number.block.compressed COUNT : 1
rocksdb.number.block.decompressed COUNT : 5
rocksdb.number.block.not_compressed COUNT : 0
rocksdb.merge.operation.time.nanos COUNT : 0
rocksdb.filter.operation.time.nanos COUNT : 0
rocksdb.row.cache.hit COUNT : 0
rocksdb.row.cache.miss COUNT : 0
rocksdb.read.amp.estimate.useful.bytes COUNT : 0
rocksdb.read.amp.total.read.bytes COUNT : 0
rocksdb.number.rate_limiter.drains COUNT : 0
rocksdb.number.iter.skip COUNT : 4
rocksdb.blobdb.num.put COUNT : 0
rocksdb.blobdb.num.write COUNT : 0
rocksdb.blobdb.num.get COUNT : 0
rocksdb.blobdb.num.multiget COUNT : 0
rocksdb.blobdb.num.seek COUNT : 0
rocksdb.blobdb.num.next COUNT : 0
rocksdb.blobdb.num.prev COUNT : 0
rocksdb.blobdb.num.keys.written COUNT : 0
rocksdb.blobdb.num.keys.read COUNT : 0
rocksdb.blobdb.bytes.written COUNT : 0
rocksdb.blobdb.bytes.read COUNT : 0
rocksdb.blobdb.write.inlined COUNT : 0
rocksdb.blobdb.write.inlined.ttl COUNT : 0
rocksdb.blobdb.write.blob COUNT : 0
rocksdb.blobdb.write.blob.ttl COUNT : 0
rocksdb.blobdb.blob.file.bytes.written COUNT : 0
rocksdb.blobdb.blob.file.bytes.read COUNT : 0
rocksdb.blobdb.blob.file.synced COUNT : 0
rocksdb.blobdb.blob.index.expired.count COUNT : 0
rocksdb.blobdb.blob.index.expired.size COUNT : 0
rocksdb.blobdb.blob.index.evicted.count COUNT : 0
rocksdb.blobdb.blob.index.evicted.size COUNT : 0
rocksdb.blobdb.gc.num.files COUNT : 0
rocksdb.blobdb.gc.num.new.files COUNT : 0
rocksdb.blobdb.gc.failures COUNT : 0
rocksdb.blobdb.gc.num.keys.overwritten COUNT : 0
rocksdb.blobdb.gc.num.keys.expired COUNT : 0
rocksdb.blobdb.gc.num.keys.relocated COUNT : 0
rocksdb.blobdb.gc.bytes.overwritten COUNT : 0
rocksdb.blobdb.gc.bytes.expired COUNT : 0
rocksdb.blobdb.gc.bytes.relocated COUNT : 0
rocksdb.blobdb.fifo.num.files.evicted COUNT : 0
rocksdb.blobdb.fifo.num.keys.evicted COUNT : 0
rocksdb.blobdb.fifo.bytes.evicted COUNT : 0
rocksdb.txn.overhead.mutex.prepare COUNT : 0
rocksdb.txn.overhead.mutex.old.commit.map COUNT : 0
rocksdb.txn.overhead.duplicate.key COUNT : 0
rocksdb.txn.overhead.mutex.snapshot COUNT : 0
rocksdb.number.multiget.keys.found COUNT : 0
rocksdb.num.iterator.created COUNT : 2
rocksdb.num.iterator.deleted COUNT : 2
rocksdb.db.get.micros P50 : 0.000000 P95 : 0.000000 P99 : 0.000000 P100 : 0.000000 COUNT : 0 SUM : 0
rocksdb.db.write.micros P50 : 0.000000 P95 : 0.000000 P99 : 0.000000 P100 : 0.000000 COUNT : 0 SUM : 0
rocksdb.compaction.times.micros P50 : 0.000000 P95 : 0.000000 P99 : 0.000000 P100 : 0.000000 COUNT : 0 SUM : 0
rocksdb.subcompaction.setup.times.micros P50 : 0.000000 P95 : 0.000000 P99 : 0.000000 P100 : 0.000000 COUNT : 0 SUM : 0
rocksdb.table.sync.micros P50 : 14000.000000 P95 : 30431.000000 P99 : 30431.000000 P100 : 30431.000000 COUNT : 2 SUM : 43595
rocksdb.compaction.outfile.sync.micros P50 : 0.000000 P95 : 0.000000 P99 : 0.000000 P100 : 0.000000 COUNT : 0 SUM : 0
rocksdb.wal.file.sync.micros P50 : 0.000000 P95 : 0.000000 P99 : 0.000000 P100 : 0.000000 COUNT : 0 SUM : 0
rocksdb.manifest.file.sync.micros P50 : 22000.000000 P95 : 22738.000000 P99 : 22738.000000 P100 : 22738.000000 COUNT : 2 SUM : 43407
